89818	-0.0824484	
89819	-0.086562	
89820	-0.0771138	
89821	-0.0560059	
89822	-0.0270183	
89823	0.00494501	
89824	0.0347736	
89825	0.0580536	
89826	0.0717849	
89827	0.0747886	
89828	0.0677436	
89829	0.0528723	
89830	0.0333626	
89831	0.0126689	
89832	-0.0061515	
89833	-0.0209296	
89834	-0.03062	
89835	-0.0352637	
89836	-0.035725	
89837	-0.0332963	
89838	-0.0292833	
89839	-0.0246714	
89840	-0.0199474	
89841	-0.0151016	
89842	-0.00979111	
89843	-0.00360277	
89844	0.00366707	
89845	0.0118004	
89846	0.020077	
89847	0.0273554	
89848	0.0323012	
89849	0.0337144	
89850	0.0308729	
89851	0.0237997	
89852	0.013369	
89853	0.00120245	
89854	-0.0106405	
89855	-0.0201113	
89856	-0.0256509	
89857	-0.0265704	
89858	-0.0232294	
89859	-0.0169564	
89860	-0.00972311	
89861	-0.00364581	
89862	-0.00043259	
89863	-0.000909958	
89864	-0.00474907	
89865	-0.0104715	
89866	-0.0157572	
89867	-0.0180101	
89868	-0.0150748	
89869	-0.00594293	
89870	0.00873045	
89871	0.0264666	
89872	0.0432657	
89873	0.0543795	
89874	0.0554397	
89875	0.0437104	
89876	0.0191512	
89877	-0.0150277	
89878	-0.0525514	
89879	-0.0850824	
89880	-0.103902	
89881	-0.101948	
89882	-0.0757461	
89883	-0.0267656	
89884	0.0382056	
89885	0.107855	
89886	0.168255	
89887	0.205569	
89888	0.209022	
89889	0.173494	
89890	0.101151	
89891	0.00166858	
89892	-0.109104	
89893	-0.211842	
89894	-0.287323	
89895	-0.320178	
89896	-0.302037	
89897	-0.233424	
89898	-0.123979	
89899	0.00903165	
89900	0.143681	
89901	0.25724	
89902	0.330237	
89903	0.349956	
89904	0.312747	
89905	0.224714	
89906	0.100669	
89907	-0.0384736	
89908	-0.169354	
89909	-0.270212	
89910	-0.324586	
89911	-0.32402	
89912	-0.269358	
89913	-0.170452	
89914	-0.0444031	
89915	0.0873407	
89916	0.202537	
89917	0.281798	
89918	0.311786	
89919	0.287468	
89920	0.213072	
89921	0.101546	
89922	-0.0274608	
89923	-0.150846	
89924	-0.246045	
89925	-0.295102	
89926	-0.28809	
89927	-0.225214	
89928	-0.11712	
89929	0.0167253	
89930	0.151388	
89931	0.260993	
89932	0.323606	
89933	0.325566	
89934	0.264379	
89935	0.149567	
89936	0.00120103	
89937	-0.153684	
89938	-0.286159	
89939	-0.370986	
89940	-0.391605	
89941	-0.343485	
89942	-0.23512	
89943	-0.0864323	
89944	0.0751262	
89945	0.219974	
89946	0.322202	
89947	0.364589	
89948	0.341805	
89949	0.261179	
89950	0.14089	
89951	0.00599617	
89952	-0.116846	
89953	-0.204858	
89954	-0.243636	
89955	-0.229739	
89956	-0.17084	
89957	-0.0834886	
89958	0.0109511	
89959	0.0912138	
89960	0.140764	
89961	0.151115	
89962	0.123166	
89963	0.0663507	
89964	-0.00405349	
89965	-0.0707542	
89966	-0.118456	
89967	-0.137144	
89968	-0.12394	
89969	-0.0832192	
89970	-0.0250782	
89971	0.0373534	
89972	0.0910539	
89973	0.125926	
89974	0.136657	
89975	0.123284	
89976	0.0904633	
89977	0.0457801	
89978	-0.00235275	
89979	-0.0466121	
89980	-0.0820122	
89981	-0.106247	
89982	-0.119179	
89983	-0.121802	
89984	-0.115105	
89985	-0.0993171	
89986	-0.0738031	
89987	-0.0376753	
89988	0.00908403	
89989	0.0643921	
89990	0.123207	
89991	0.177458	
89992	0.216989	
89993	0.231452	
89994	0.212791	
89995	0.157731	
89996	0.0695917	
89997	-0.0411693	
89998	-0.158019	
89999	-0.260976	
90000	-0.330363	
90001	-0.350914	
90002	-0.315328	
90003	-0.226386	
90004	-0.0970744	
90005	0.0514463	
90006	0.193676	
90007	0.304653	
90008	0.364858	
90009	0.364097	
90010	0.303556	
90011	0.195546	
90012	0.0610179	
90013	-0.0746875	
90014	-0.186942	
90015	-0.256731	
90016	-0.274316	
90017	-0.240866	
90018	-0.167746	
90019	-0.0736309	
90020	0.0198702	
90021	0.0930595	
90022	0.132365	
90023	0.132985	
90024	0.0994176	
90025	0.0438498	
90026	-0.017135	
90027	-0.0666885	
90028	-0.0916923	
90029	-0.085715	
90030	-0.0503116	
90031	0.00555835	
90032	0.0677876	
90033	0.120493	
90034	0.149717	
90035	0.14663	
90036	0.109554	
90037	0.044386	
90038	-0.0366244	
90039	-0.117435	
90040	-0.181549	
90041	-0.215402	
90042	-0.211116	
90043	-0.168074	
90044	-0.093041	
90045	0.00115032	
90046	0.0980474	
90047	0.180664	
90048	0.234595	
90049	0.250579	
90050	0.226047	
90051	0.165413	
90052	0.0791024	
90053	-0.0184561	
90054	-0.111455	
90055	-0.185439	
90056	-0.229646	
90057	-0.238558	
90058	-0.212459	
90059	-0.156985	
90060	-0.0818361	
90061	0.00102791	
90062	0.0793885	
90063	0.142611	
90064	0.183076	
90065	0.197028	
90066	0.184773	
90067	0.150254	
90068	0.100117	
90069	0.042461	
90070	-0.0145232	
90071	-0.0637698	
90072	-0.100236	
90073	-0.121349	
90074	-0.126992	
90075	-0.119075	
90076	-0.100853	
90077	-0.0761424	
90078	-0.0486093	
90079	-0.0212473	
90080	0.00387977	
90081	0.0256327	
90082	0.0435749	
90083	0.0576224	
90084	0.0676758	
90085	0.0733513	
90086	0.0739056	
90087	0.0683994	
90088	0.0560725	
90089	0.0368235	
90090	0.0116371	
90091	-0.0172029	
90092	-0.0462243	
90093	-0.0712215	
90094	-0.0879745	
90095	-0.0930778	
90096	-0.0846916	
90097	-0.0630453	
90098	-0.0305754	
90099	0.00834631	
90100	0.0480589	
90101	0.0825306	
90102	0.106391	
90103	0.115889	
90104	0.109589	
90105	0.0886441	
90106	0.0565727	
90107	0.018557	
90108	-0.0195998	
90109	-0.0526237	
90110	-0.0767546	
90111	-0.0903201	
90112	-0.09376	
90113	-0.0891129	
90114	-0.0791292	
90115	-0.0662862	
90116	-0.0520067	
90117	-0.0363282	
90118	-0.0181321	
90119	0.00412138	
90120	0.0313688	
90121	0.0629511	
90122	0.0959906	
90123	0.125401	
90124	0.144628	
90125	0.147027	
90126	0.127582	
90127	0.084562	
90128	0.0206668	
90129	-0.0566943	
90130	-0.136178	
90131	-0.204282	
90132	-0.24782	
90133	-0.256617	
90134	-0.225842	
90135	-0.157428	
90136	-0.0602318	
90137	0.0512098	
90138	0.15912	
90139	0.24568	
90140	0.296354	
90141	0.302671	
90142	0.263873	
90143	0.187074	
90144	0.0858668	
90145	-0.0223401	
90146	-0.119702	
90147	-0.191301	
90148	-0.227791	
90149	-0.226767	
90150	-0.192661	
90151	-0.135242	
90152	-0.0671743	
90153	-0.00120897	
90154	0.0523444	
90155	0.0873527	
90156	0.102495	
90157	0.10076	
90158	0.0879979	
90159	0.0709476	
90160	0.0552182	
90161	0.0437536	
90162	0.036164	
90163	0.0291144	
90164	0.0176832	
90165	-0.0026619	
90166	-0.0340257	
90167	-0.0745949	
90168	-0.118203	
90169	-0.155198	
90170	-0.174513	
90171	-0.166493	
90172	-0.125791	
90173	-0.0535622	
90174	0.041684	
90175	0.144917	
90176	0.237076	
90177	0.298765	
90178	0.314402	
90179	0.275924	
90180	0.185164	
90181	0.054317	
90182	-0.0957497	
90183	-0.239098	
90184	-0.34956	
90185	-0.405859	
90186	-0.395934	
90187	-0.319562	
90188	-0.188666	
90189	-0.0252388	
90190	0.142731	
90191	0.2865	
90192	0.381934	
90193	0.413922	
90194	0.379003	
90195	0.285714	
90196	0.152629	
90197	0.0045298	
90198	-0.132515	
90199	-0.236128	
90200	-0.291658	
90201	-0.294473	
90202	-0.2501	
90203	-0.172272	
90204	-0.0794403	
90205	0.00942463	
90206	0.0787621	
90207	0.119264	
90208	0.129095	
90209	0.113376	
90210	0.0821785	
90211	0.0476022	
90212	0.0206267	
90213	0.00844433	
90214	0.0128317	
90215	0.0298846	
90216	0.0511529	
90217	0.06592	
90218	0.064123	
90219	0.0392549	
90220	-0.00943561	
90221	-0.0760122	
90222	-0.14849	
90223	-0.21101	
90224	-0.247147	
90225	-0.243688	
90226	-0.194036	
90227	-0.100483	
90228	0.0252601	
90229	0.163494	
90230	0.289785	
90231	0.379475	
90232	0.412591	
90233	0.378161	
90234	0.277004	
90235	0.122342	
90236	-0.0620073	
90237	-0.245585	
90238	-0.396666	
90239	-0.488044	
90240	-0.502107	
90241	-0.434227	
90242	-0.293844	
90243	-0.103028	
90244	0.107216	
90245	0.302238	
90246	0.449708	
90247	0.525201	
90248	0.516421	
90249	0.425326	
90250	0.267751	
90251	0.0705908	
90252	-0.132937	
90253	-0.309091	
90254	-0.429411	
90255	-0.475482	
90256	-0.44187	
90257	-0.336759	
90258	-0.180276	
90259	-0.000850951	
90260	0.169757	
90261	0.301905	
90262	0.373141	
90263	0.372058	
90264	0.300317	
90265	0.172442	
90266	0.013356	
90267	-0.14602	
90268	-0.274408	
90269	-0.346071	
90270	-0.345894	
90271	-0.272588	
90272	-0.139339	
90273	0.0283832	
90274	0.197515	
90275	0.333773	
90276	0.408463	
90277	0.404379	
90278	0.319559	
90279	0.168072	
90280	-0.0224152	
90281	-0.215861	
90282	-0.374885	
90283	-0.4682	
90284	-0.476922	
90285	-0.398453	
90286	-0.2471	
90287	-0.0512737	
90288	0.152157	
90289	0.325216	
90290	0.43635	
90291	0.466589	
90292	0.413081	
90293	0.289285	
90294	0.121825	
90295	-0.055315	
90296	-0.207962	
90297	-0.308762	
90298	-0.342484	
90299	-0.308538	
90300	-0.220205	
90301	-0.100906	
90302	0.0215503	
90303	0.121337	
90304	0.180121	
90305	0.19052	
90306	0.156825	
90307	0.0929926	
90308	0.0185458	
90309	-0.0465495	
90310	-0.0867704	
90311	-0.0945547	
90312	-0.0716839	
90313	-0.0282876	
90314	0.0202172	
90315	0.0574612	
90316	0.0706467	
90317	0.0541236	
90318	0.0111035	
90319	-0.0469577	
90320	-0.103199	
90321	-0.139741	
90322	-0.142529	
90323	-0.105396	
90324	-0.0322666	
90325	0.0631144	
90326	0.159949	
90327	0.235037	
90328	0.268238	
90329	0.24746	
90330	0.171979	
90331	0.0532717	
90332	-0.0869113	
90333	-0.220868	
90334	-0.320764	
90335	-0.364678	
90336	-0.341515	
90337	-0.253673	
90338	-0.116797	
90339	0.0433511	
90340	0.196235	
90341	0.312939	
90342	0.372164	
90343	0.364535	
90344	0.294263	
90345	0.17784	
90346	0.0401212	
90347	-0.0912899	
90348	-0.192059	
90349	-0.246164	
90350	-0.248857	
90351	-0.206906	
90352	-0.136179	
90353	-0.057195	
90354	0.0101821	
90355	0.0516098	
90356	0.0614898	
90357	0.0438004	
90358	0.0103955	
90359	-0.0227303	
90360	-0.0402025	
90361	-0.0318009	
90362	0.0044161	
90363	0.0612144	
90364	0.123774	
90365	0.173399	
90366	0.192455	
90367	0.169304	
90368	0.101992	
90369	-0.00030264	
90370	-0.118539	
90371	-0.22762	
90372	-0.301941	
90373	-0.321419	
90374	-0.276574	
90375	-0.171404	
90376	-0.0232927	
90377	0.140139	
90378	0.286597	
90379	0.385883	
90380	0.416383	
90381	0.369808	
90382	0.253163	
90383	0.0874811	
90384	-0.0963763	
90385	-0.263968	
90386	-0.384222	
90387	-0.435611	
90388	-0.41027	
90389	-0.31521	
90390	-0.17045	
90391	-0.00452945	
90392	0.151551	
90393	0.270605	
90394	0.334415	
90395	0.336713	
90396	0.283488	
90397	0.190715	
90398	0.0801757	
90399	-0.0255872	
90400	-0.108029	
90401	-0.156034	
90402	-0.167359	
90403	-0.147937	
90404	-0.109375	
90405	-0.065412	
90406	-0.0282532	
90407	-0.00570766	
90408	0.000255718	
90409	-0.0067139	
90410	-0.0190409	
90411	-0.0278359	
90412	-0.0256863	
90413	-0.00888565	
90414	0.0214569	
90415	0.0596693	
90416	0.0970195	
90417	0.12404	
90418	0.133044	
90419	0.120179	
90420	0.0864728	
90421	0.0376289	
90422	-0.0173729	
90423	-0.0684803	
90424	-0.106984	
90425	-0.1275	
90426	-0.12899	
90427	-0.114575	
90428	-0.0902252	
90429	-0.0627504	
90430	-0.0376995	
90431	-0.0178097	
90432	-0.00247347	
90433	0.0116257	
90434	0.0289107	
90435	0.0528502	
90436	0.0840936	
90437	0.119417	
90438	0.151872	
90439	0.172185	
90440	0.171116	
90441	0.142167	
90442	0.0839406	
90443	0.00145812	
90444	-0.0939882	
90445	-0.186554	
90446	-0.258835	
90447	-0.295515	
90448	-0.286844	
90449	-0.231135	
90450	-0.135629	
90451	-0.0154755	
90452	0.109034	
90453	0.216385	
90454	0.288062	
90455	0.312163	
90456	0.285616	
90457	0.214565	
90458	0.112887	
90459	-0.000764602	
90460	-0.10672	
90461	-0.188023	
90462	-0.23336	
90463	-0.238637	
90464	-0.206996	
90465	-0.147421	
90466	-0.0723677	
90467	0.00494169	
90468	0.0729422	
90469	0.123383	
90470	0.151985	
90471	0.158157	
90472	0.144068	
90473	0.113501	
90474	0.0708784	
90475	0.0207362	
90476	-0.0323308	
90477	-0.0834082	
90478	-0.126999	
90479	-0.157076	
90480	-0.167665	
90481	-0.153965	
90482	-0.113804	
90483	-0.0490174	
90484	0.0337166	
90485	0.123003	
90486	0.204044	
90487	0.261063	
90488	0.280433	
90489	0.253859	
90490	0.180844	
90491	0.0697359	
90492	-0.0630329	
90493	-0.195533	
90494	-0.304322	
90495	-0.369031	
90496	-0.37658	
90497	-0.324066	
90498	-0.219653	
90499	-0.0812002	
90500	0.0671301	
90501	0.199584	
90502	0.293861	
90503	0.335426	
90504	0.320172	
90505	0.254905	
90506	0.155553	
90507	0.0435392	
90508	-0.0588911	
90509	-0.133343	
90510	-0.168923	
90511	-0.164079	
90512	-0.126275	
90513	-0.069619	
90514	-0.0111008	
90515	0.0336614	
90516	0.0541131	
90517	0.0470531	
90518	0.0170311	
90519	-0.0251572	
90520	-0.0654352	
90521	-0.0901117	
90522	-0.0893642	
90523	-0.0597452	
90524	-0.00517633	
90525	0.063749	
90526	0.131967	
90527	0.183163	
90528	0.203319	
90529	0.183885	
90530	0.123913	
90531	0.0307321	
90532	-0.0809927	
90533	-0.191689	
90534	-0.280365	
90535	-0.328545	
90536	-0.32392	
90537	-0.263028	
90538	-0.152407	
90539	-0.00794993	
90540	0.147502	
90541	0.287945	
90542	0.388726	
90543	0.430977	
90544	0.405154	
90545	0.313024	
90546	0.16771	
90547	-0.00827051	
90548	-0.18666	
90549	-0.338227	
90550	-0.437799	
90551	-0.468676	
90552	-0.425604	
90553	-0.315726	
90554	-0.157336	
90555	0.023356	
90556	0.196837	
90557	0.335426	
90558	0.417994	
90559	0.433422	
90560	0.382222	
90561	0.276061	
90562	0.135305	
90563	-0.0149189	
90564	-0.149426	
90565	-0.247542	
90566	-0.296671	
90567	-0.294194	
90568	-0.247318	
90569	-0.170947	
90570	-0.0840296	
90571	-0.00519115	
90572	0.0513763	
90573	0.0788403	
90574	0.0787985	
90575	0.0602548	
90576	0.0367568	
90577	0.0223906	
90578	0.0276251	
90579	0.0560594	
90580	0.102935	
90581	0.155866	
90582	0.197683	
90583	0.210785	
90584	0.181949	
90585	0.106453	
90586	-0.00957884	
90587	-0.14927	
90588	-0.287684	
90589	-0.396646	
90590	-0.450718	
90591	-0.433037	
90592	-0.339673	
90593	-0.181436	
90594	0.017384	
90595	0.223225	
90596	0.399592	
90597	0.514217	
90598	0.545529	
90599	0.487058	
90600	0.348827	
90601	0.15545	
90602	-0.0586635	
90603	-0.255976	
90604	-0.402956	
90605	-0.476224	
90606	-0.466505	
90607	-0.379679	
90608	-0.23487	
90609	-0.0601328	
90610	0.113246	
90611	0.25661	
90612	0.348785	
90613	0.379074	
90614	0.348002	
90615	0.265952	
90616	0.150216	

338871	0.01065	
338872	0.0376898	
338873	0.0540409	
338874	0.0586783	
338875	0.0530846	
338876	0.0406422	
338877	0.0256591	
338878	0.0122709	
338879	0.00347313	
338880	0.000498095	
338881	0.00265903	
338882	0.0076753	
338883	0.0123831	
338884	0.0136516	
338885	0.00927979	
338886	-0.00134247	
338887	-0.0169717	
338888	-0.0347126	
338889	-0.0506408	
338890	-0.0607044	
338891	-0.0616939	
338892	-0.0520582	
338893	-0.0323783	
338894	-0.00538629	
338895	0.0244833	
338896	0.051921	
338897	0.0717814	
338898	0.0801161	
338899	0.0749861	
338900	0.0568832	
338901	0.0286735	
338902	-0.00492433	
338903	-0.0382152	
338904	-0.0655816	
338905	-0.0825031	
338906	-0.0863466	
338907	-0.0767818	
338908	-0.0557584	
338909	-0.0270655	
338910	0.00442634	
338911	0.0336801	
338912	0.0563855	
338913	0.0696606	
338914	0.0724382	
338915	0.0654828	
338916	0.0510588	
338917	0.0323437	
338918	0.0127288	
338919	-0.00483518	
338920	-0.0183129	
338921	-0.0267981	
338922	-0.0304548	
338923	-0.0302363	
338924	-0.0274799	
338925	-0.0234913	
338926	-0.0192206	
338927	-0.0151	
338928	-0.0110646	
338929	-0.00673187	
338930	-0.00167234	
338931	0.00431319	
338932	0.0109954	
338933	0.0176564	
338934	0.0231902	
338935	0.0263454	
338936	0.026054	
338937	0.0217646	
338938	0.0136865	
338939	0.00286267	
338940	-0.00896911	
338941	-0.0197167	
338942	-0.0273991	
338943	-0.0306207	
338944	-0.0289265	
338945	-0.0229372	
338946	-0.0142214	
338947	-0.00492699	
338948	0.00274109	
338949	0.00707573	
338950	0.00731992	
338951	0.00390334	
338952	-0.0016079	
338953	-0.00686001	
338954	-0.00930404	
338955	-0.00691405	
338956	0.00113345	
338957	0.0139984	
338958	0.0290904	
338959	0.0424452	
338960	0.0495514	
338961	0.0464926	
338962	0.0311569	
338963	0.00420134	
338964	-0.0305367	
338965	-0.0663843	
338966	-0.0949704	
338967	-0.107982	
338968	-0.0991865	
338969	-0.0662537	
338970	-0.0119102	
338971	0.0559332	
338972	0.125228	
338973	0.181897	
338974	0.212629	
338975	0.207805	
338976	0.163905	
338977	0.0848373	
338978	-0.0181951	
338979	-0.128362	
338980	-0.226146	
338981	-0.293	
338982	-0.315004	
338983	-0.285749	
338984	-0.207865	
338985	-0.0928494	
338986	0.0407807	
338987	0.170689	
338988	0.274667	
338989	0.334615	
338990	0.339812	
338991	0.28889	
338992	0.19014	
338993	0.0600895	
338994	-0.0793831	
338995	-0.20487	
338996	-0.295483	
338997	-0.336396	
338998	-0.321289	
338999	-0.253289	
339000	-0.144318	
339001	-0.0130067	
339002	0.118445	
339003	0.227954	
339004	0.297191	
339005	0.314634	
339006	0.277549	
339007	0.192576	
339008	0.0747694	
339009	-0.0548213	
339010	-0.172704	
339011	-0.257072	
339012	-0.29181	
339013	-0.269627	
339014	-0.19369	
339015	-0.0773759	
339016	0.0579083	
339017	0.186514	
339018	0.283298	
339019	0.328444	
339020	0.31145	
339021	0.23344	
339022	0.107306	
339023	-0.0444663	
339024	-0.193914	
339025	-0.312928	
339026	-0.378731	
339027	-0.378419	
339028	-0.311586	
339029	-0.190481	
339030	-0.0376271	
339031	0.118624	
339032	0.249686	
339033	0.332337	
339034	0.353176	
339035	0.311047	
339036	0.216947	
339037	0.0914782	
339038	-0.0396009	
339039	-0.150772	
339040	-0.221955	
339041	-0.242402	
339042	-0.212475	
339043	-0.142983	
339044	-0.0522817	
339045	0.0381286	
339046	0.108472	
339047	0.144914	
339048	0.142203	
339049	0.104242	
339050	0.0425667	
339051	-0.0267729	
339052	-0.0871312	
339053	-0.125032	
339054	-0.132943	
339055	-0.110507	
339056	-0.064059	
339057	-0.00466864	
339058	0.0547062	
339059	0.102232	
339060	0.129648	
339061	0.133625	
339062	0.115825	
339063	0.081805	
339064	0.0391667	
339065	-0.00445662	
339066	-0.0430296	
339067	-0.0729673	
339068	-0.0930936	
339069	-0.10387	
339070	-0.106276	
339071	-0.100797	
339072	-0.0869324	
339073	-0.0634044	
339074	-0.0290426	
339075	0.0159629	
339076	0.0688821	
339077	0.123814	
339078	0.171962	
339079	0.202944	
339080	0.206947	
339081	0.177294	
339082	0.112769	
339083	0.0190311	
339084	-0.091382	
339085	-0.200691	
339086	-0.28895	
339087	-0.337994	
339088	-0.335414	
339089	-0.27764	
339090	-0.171352	
339091	-0.032791	
339092	0.114991	
339093	0.246427	
339094	0.338398	
339095	0.374822	
339096	0.349879	
339097	0.269187	
339098	0.14867	
339099	0.0113251	
339100	-0.11742	
339101	-0.214815	
339102	-0.265263	
339103	-0.263235	
339104	-0.213986	
339105	-0.131957	
339106	-0.0372496	
339107	0.0490134	
339108	0.10935	
339109	0.133558	
339110	0.120536	
339111	0.0779393	
339112	0.0198486	
339113	-0.0369088	
339114	-0.0768897	
339115	-0.0896448	
339116	-0.0720133	
339117	-0.028643	
339118	0.0293098	
339119	0.0869379	
339120	0.129132	
339121	0.144109	
339122	0.12613	
339123	0.0768554	
339124	0.00503945	
339125	-0.0752982	
339126	-0.14782	
339127	-0.197274	
339128	-0.212637	
339129	-0.189362	
339130	-0.130298	
339131	-0.0451427	
339132	0.0514128	
339133	0.142469	
339134	0.212054	
339135	0.248028	
339136	0.244205	
339137	0.20133	
339138	0.126781	
339139	0.0330846	
339140	-0.0644278	
339141	-0.150343	
339142	-0.211765	
339143	-0.240318	
339144	-0.233233	
339145	-0.193413	
339146	-0.128543	
339147	-0.0495064	
339148	0.0315542	
339149	0.103184	
339150	0.156261	
339151	0.185115	
339152	0.188024	
339153	0.167068	
339154	0.127423	
339155	0.076265	
339156	0.0214808	
339157	-0.0295826	
339158	-0.0711204	
339159	-0.0994866	
339160	-0.113368	
339161	-0.11355	
339162	-0.102379	
339163	-0.0830771	
339164	-0.0590579	
339165	-0.0333713	
339166	-0.0083639	
339167	0.0144263	
339168	0.0341603	
339169	0.0504378	
339170	0.0629749	
339171	0.0713211	
339172	0.0747171	
339173	0.0721595	
339174	0.0626853	
339175	0.0458139	
339176	0.0220127	
339177	-0.00697332	
339178	-0.0380731	
339179	-0.0671903	
339180	-0.0898252	
339181	-0.101895	
339182	-0.10057	
339183	-0.0849459	
339184	-0.0563816	
339185	-0.0184367	
339186	0.0236105	
339187	0.0635863	
339188	0.0954513	
339189	0.114352	
339190	0.117498	
339191	0.104675	
339192	0.0782793	
339193	0.0428314	
339194	0.00405981	
339195	-0.0322525	
339196	-0.0613921	
339197	-0.0805349	
339198	-0.0890597	
339199	-0.0882873	
339200	-0.08074	
339201	-0.0691568	
339202	-0.0555684	
339203	-0.0407194	
339204	-0.024022	
339205	-0.00406337	
339206	0.0204768	
339207	0.0497824	
339208	0.0820692	
339209	0.113276	
339210	0.137461	
339211	0.147897	
339212	0.138666	
339213	0.106395	
339214	0.0516739	
339215	-0.0202311	
339216	-0.0996687	
339217	-0.173942	
339218	-0.229514	
339219	-0.25467	
339220	-0.242067	
339221	-0.19061	
339222	-0.106179	
339223	-0.000984487	
339224	0.108397	
339225	0.203962	
339226	0.269612	
339227	0.294232	
339228	0.273843	
339229	0.212396	
339230	0.120992	
339231	0.0156892	
339232	-0.0856582	
339233	-0.166835	
339234	-0.216248	
339235	-0.228824	
339236	-0.206466	
339237	-0.157052	
339238	-0.0922949	
339239	-0.0250124	
339240	0.0335541	
339241	0.0757881	
339242	0.0987296	
339243	0.103951	
339244	0.0963984	
339245	0.0825532	
339246	0.0683808	
339247	0.0576028	
339248	0.0507259	
339249	0.0450956	
339250	0.0359775	
339251	0.018399	
339252	-0.0107534	
339253	-0.050989	
339254	-0.097387	
339255	-0.141037	
339256	-0.170766	
339257	-0.175824	
339258	-0.148877	
339259	-0.0885579	
339260	-0.000856221	
339261	0.101135	
339262	0.199203	
339263	0.273409	
339264	0.306236	
339265	0.286582	
339266	0.212699	
339267	0.0933638	
339268	-0.0531014	
339269	-0.201857	
339270	-0.326091	
339271	-0.402191	
339272	-0.414476	
339273	-0.358496	
339274	-0.242169	
339275	-0.084503	
339276	0.087879	
339277	0.245696	
339278	0.362469	
339279	0.419384	
339280	0.408635	
339281	0.334604	
339282	0.212699	
339283	0.0661143	
339284	-0.0788084	
339285	-0.197667	
339286	-0.272502	
339287	-0.294806	
339288	-0.266487	
339289	-0.19865	
339290	-0.108592	
339291	-0.0157429	
339292	0.0624845	
339293	0.114049	
339294	0.13417	
339295	0.125472	
339296	0.0965046	
339297	0.0590957	
339298	0.0251913	
339299	0.00390883	
339300	-0.00056786	
339301	0.0101789	
339302	0.0293971	
339303	0.0470471	
339304	0.0525502	
339305	0.0377878	
339306	-0.000350586	
339307	-0.0585039	
339308	-0.126882	
339309	-0.19091	
339310	-0.234211	
339311	-0.242308	
339312	-0.206274	
339313	-0.125463	
339314	-0.00866315	
339315	0.12671	
339316	0.257358	
339317	0.358323	
339318	0.407903	
339319	0.392268	
339320	0.308793	
339321	0.167331	
339322	-0.010921	
339323	-0.196856	
339324	-0.358568	
339325	-0.467166	
339326	-0.502162	
339327	-0.455407	
339328	-0.332808	
339329	-0.153514	
339330	0.0532907	
339331	0.253399	
339332	0.413515	
339333	0.507055	
339334	0.518768	
339335	0.447374	
339336	0.305725	
339337	0.118461	
339338	-0.082404	
339339	-0.263142	
339340	-0.394179	
339341	-0.455102	
339342	-0.437952	
339343	-0.348285	
339344	-0.203894	
339345	-0.0315144	
339346	0.13791	
339347	0.274574	
339348	0.354921	
339349	0.365677	
339350	0.306175	
339351	0.188532	
339352	0.0356048	
339353	-0.123028	
339354	-0.256422	
339355	-0.33806	
339356	-0.351014	
339357	-0.291471	
339358	-0.169842	
339359	-0.00912602	
339360	0.159271	
339361	0.301529	
339362	0.388097	
339363	0.399716	
339364	0.331561	
339365	0.194588	
339366	0.0137254	
339367	-0.176791	
339368	-0.340087	
339369	-0.443968	
339370	-0.467427	
339371	-0.404948	
339372	-0.267718	
339373	-0.0814544	
339374	0.118717	
339375	0.295284	
339376	0.415809	
339377	0.459308	
339378	0.420219	
339379	0.30917	
339380	0.150417	
339381	-0.0234788	
339382	-0.17857	
339383	-0.286528	
339384	-0.330225	
339385	-0.306714	
339386	-0.227019	
339387	-0.112906	
339388	0.00852173	
339389	0.111093	
339390	0.175232	
339391	0.191771	
339392	0.163138	
339393	0.101812	
339394	0.0265588	
339395	-0.0425348	
339396	-0.0890178	
339397	-0.103848	
339398	-0.0871564	
339399	-0.0476585	
339400	6.95754e-05	
339401	0.0397412	
339402	0.0578874	
339403	0.0476224	
339404	0.0106825	
339405	-0.0428126	
339406	-0.0968594	
339407	-0.133737	
339408	-0.138812	
339409	-0.104756	
339410	-0.0340787	
339411	0.0607448	
339412	0.159666	
339413	0.239482	
339414	0.279265	
339415	0.265518	
339416	0.195818	
339417	0.080054	
339418	-0.0611194	
339419	-0.200326	
339420	-0.30918	
339421	-0.364417	
339422	-0.353075	
339423	-0.275545	
339424	-0.14575	
339425	0.0116256	
339426	0.166266	
339427	0.288589	
339428	0.355919	
339429	0.357117	
339430	0.294637	
339431	0.183616	
339432	0.0482294	
339433	-0.0838026	
339434	-0.187304	
339435	-0.244928	
339436	-0.250467	
339437	-0.209476	
339438	-0.137162	
339439	-0.0541122	
339440	0.0190307	
339441	0.0666174	
339442	0.0815402	
339443	0.0664392	
339444	0.0323367	
339445	-0.00488356	
339446	-0.0291979	
339447	-0.029119	
339448	-0.00110842	
339449	0.0491654	
339450	0.108065	
339451	0.157436	
339452	0.17943	
339453	0.161505	
339454	0.100325	
339455	0.00352846	
339456	-0.111186	
339457	-0.219571	
339458	-0.296193	
339459	-0.32044	
339460	-0.281734	
339461	-0.182672	
339462	-0.0392567	
339463	0.121946	
339464	0.26915	
339465	0.372039	
339466	0.408302	
339467	0.368562	
339468	0.258586	
339469	0.0982807	
339470	-0.0823019	
339471	-0.249091	
339472	-0.37092	
339473	-0.425773	
339474	-0.405032	
339475	-0.314867	
339476	-0.174522	
339477	-0.0119599	
339478	0.142125	
339479	0.260588	
339480	0.325039	
339481	0.328917	
339482	0.277894	
339483	0.187677	
339484	0.079867	
339485	-0.0231008	
339486	-0.102747	
339487	-0.148028	
339488	-0.156823	
339489	-0.135249	
339490	-0.0951476	
339491	-0.0504884	
339492	-0.0136542	
339493	0.00748143	
339494	0.0110283	
339495	0.000856761	
339496	-0.0151279	
339497	-0.0276571	
339498	-0.0289574	
339499	-0.0150392	
339500	0.0131537	
339501	0.0499843	
339502	0.08664	
339503	0.113494	
339504	0.12267	
339505	0.110141	
339506	0.0768211	
339507	0.0283686	
339508	-0.0262088	
339509	-0.0767841	
339510	-0.114561	
339511	-0.134089	
339512	-0.134317	
339513	-0.118407	
339514	-0.0924275	
339515	-0.0633122	
339516	-0.036731	
339517	-0.0155089	
339518	0.000928942	
339519	0.0159236	
339520	0.0339642	
339521	0.0585942	
339522	0.0905089	
339523	0.126471	
339524	0.159451	
339525	0.180055	
339526	0.17892	
339527	0.149484	
339528	0.0903745	
339529	0.00673979	
339530	-0.0899337	
339531	-0.183597	
339532	-0.256698	
339533	-0.293879	
339534	-0.285479	
339535	-0.229999	
339536	-0.134917	
339537	-0.0155868	
339538	0.107596	
339539	0.213157	
339540	0.282784	
339541	0.3049	
339542	0.276826	
339543	0.205081	
339544	0.103815	
339545	-0.00821984	
339546	-0.111464	
339547	-0.189281	
339548	-0.23084	
339549	-0.232612	
339550	-0.198288	
339551	-0.137274	
339552	-0.0622509	
339553	0.0135621	
339554	0.0788144	
339555	0.12562	
339556	0.15014	
339557	0.152228	
339558	0.134461	
339559	0.100969	
339560	0.0564606	
339561	0.00569824	
339562	-0.046569	
339563	-0.0953691	
339564	-0.135281	
339565	-0.16052	
339566	-0.165544	
339567	-0.14616	
339568	-0.100916	
339569	-0.0323887	
339570	0.0521239	
339571	0.14086	
339572	0.219017	
339573	0.271213	
339574	0.284586	
339575	0.251854	
339576	0.173598	
339577	0.0591015	
339578	-0.0746022	
339579	-0.205458	
339580	-0.310414	
339581	-0.369938	
339582	-0.372069	
339583	-0.315076	
339584	-0.208099	
339585	-0.0695699	
339586	0.076304	
339587	0.204266	
339588	0.292944	
339589	0.32896	
339590	0.309335	
339591	0.241718	
339592	0.142413	
339593	0.03266	
339594	-0.0659835	
339595	-0.136147	
339596	-0.168046	
339597	-0.161042	
339598	-0.123079	
339599	-0.0681866	
339600	-0.0127257	
339601	0.0287113	
339602	0.0467365	
339603	0.0391587	
339604	0.0111147	
339605	-0.0266076	
339606	-0.060576	
339607	-0.0782785	
339608	-0.071382	
339609	-0.0379355	
339610	0.0169581	
339611	0.0821179	
339612	0.142661	
339613	0.183252	
339614	0.191537	
339615	0.16105	
339616	0.0929896	
339617	-0.00349526	
339618	-0.112622	
339619	-0.214671	
339620	-0.289591	
339621	-0.320859	
339622	-0.298855	
339623	-0.223104	
339624	-0.1029	
339625	0.0438622	
339626	0.19351	
339627	0.320591	
339628	0.402349	
339629	0.422865	
339630	0.376093	
339631	0.267236	
339632	0.112168	
339633	-0.0650249	
339634	-0.235994	
339635	-0.372914	
339636	-0.453267	
339637	-0.463772	
339638	-0.402727	
339639	-0.280317	
339640	-0.116806	
339641	0.0610409	
339642	0.224643	
339643	0.348531	
339644	0.414609	
339645	0.415025	
339646	0.353163	
339647	0.242635	
339648	0.104487	
339649	-0.036846	
339650	-0.158066	
339651	-0.241186	
339652	-0.276547	
339653	-0.264117	
339654	-0.212828	
339655	-0.138117	
339656	-0.0581942	
339657	0.0101241	
339658	0.0551012	
339659	0.0724351	
339660	0.0657481	
339661	0.0451041	
339662	0.0239183	
339663	0.0150159	
339664	0.0268165	
339665	0.0606095	
339666	0.109654	
339667	0.16041	
339668	0.195707	
339669	0.199146	

















































